-0.17783 -0.17783 -0.17783 -0.17783
-0.17783 -0.16156 -0.17783 -0.16156
-0.17783 -0.14678 -0.17783 -0.14678
-0.17783 -0.13335 -0.17783 -0.13335
-0.17783 -0.12115 -0.17783 -0.12115
-0.17783 -0.11007 -0.17783 -0.11007
-0.17783 -0.1 -0.17783 -0.1
-0.17783 -0.090852 -0.17783 -0.090852
-0.17783 -0.08254 -0.17783 -0.08254
-0.17783 -0.074989 -0.17783 -0.074989
-0.17783 -0.068129 -0.17783 -0.068129
-0.17783 -0.061897 -0.17783 -0.061897
-0.17783 -0.056234 -0.17783 -0.056234
-0.17783 -0.05109 -0.17783 -0.05109
-0.17783 -0.046416 -0.17783 -0.046416
-0.17783 -0.04217 -0.17783 -0.04217
-0.17783 -0.038312 -0.17783 -0.038312
-0.17783 -0.034807 -0.17783 -0.034807
-0.17783 -0.031623 -0.17783 -0.031623
-0.17783 -0.02873 -0.17783 -0.02873
-0.17783 -0.026102 -0.17783 -0.026102
-0.17783 -0.023714 -0.17783 -0.023714
-0.17783 -0.021544 -0.17783 -0.021544
-0.17783 -0.019573 -0.17783 -0.019573
-0.17783 -0.017783 -0.17783 -0.017783
-0.17783 -0.016156 -0.17783 -0.016156
-0.17783 -0.014678 -0.17783 -0.014678
-0.17783 -0.013335 -0.17783 -0.013335
-0.17783 -0.012115 -0.17783 -0.012115
-0.17783 -0.011007 -0.17783 -0.011007
-0.17783 -0.01 -0.17783 -0.01
-0.17783 0.01 -0.17783 0.01
-0.17783 0.011007 -0.17783 0.011007
-0.17783 0.012115 -0.17783 0.012115
-0.17783 0.013335 -0.17783 0.013335
-0.17783 0.014678 -0.17783 0.014678
-0.17783 0.016156 -0.17783 0.016156
-0.17783 0.017783 -0.17783 0.017783
-0.17783 0.019573 -0.17783 0.019573
-0.17783 0.021544 -0.17783 0.021544
-0.17783 0.023714 -0.17783 0.023714
-0.17783 0.026102 -0.17783 0.026102
-0.17783 0.02873 -0.17783 0.02873
-0.17783 0.031623 -0.17783 0.031623
-0.17783 0.034807 -0.17783 0.034807
-0.17783 0.038312 -0.17783 0.038312
-0.17783 0.04217 -0.17783 0.04217
-0.17783 0.046416 -0.17783 0.046416
-0.17783 0.05109 -0.17783 0.05109
-0.17783 0.056234 -0.17783 0.056234
-0.17783 0.061897 -0.17783 0.061897
-0.17783 0.068129 -0.17783 0.068129
-0.17783 0.074989 -0.17783 0.074989
-0.17783 0.08254 -0.17783 0.08254
-0.17783 0.090852 -0.17783 0.090852
-0.17783 0.1 -0.17783 0.1
-0.17783 0.11007 -0.17783 0.11007
-0.17783 0.12115 -0.17783 0.12115
-0.17783 0.13335 -0.17783 0.13335
-0.17783 0.14678 -0.17783 0.14678
-0.17783 0.16156 -0.17783 0.16156
-0.17783 0.17783 -0.17783 0.17783
0.17783 -0.17783 0.17783 -0.17783
0.17783 -0.16156 0.17783 -0.16156
0.17783 -0.14678 0.17783 -0.14678
0.17783 -0.13335 0.17783 -0.13335
0.17783 -0.12115 0.17783 -0.12115
0.17783 -0.11007 0.17783 -0.11007
0.17783 -0.1 0.17783 -0.1
0.17783 -0.090852 0.17783 -0.090852
0.17783 -0.08254 0.17783 -0.08254
0.17783 -0.074989 0.17783 -0.074989
0.17783 -0.068129 0.17783 -0.068129
0.17783 -0.061897 0.17783 -0.061897
0.17783 -0.056234 0.17783 -0.056234
0.17783 -0.05109 0.17783 -0.05109
0.17783 -0.046416 0.17783 -0.046416
0.17783 -0.04217 0.17783 -0.04217
0.17783 -0.038312 0.17783 -0.038312
0.17783 -0.034807 0.17783 -0.034807
0.17783 -0.031623 0.17783 -0.031623
0.17783 -0.02873 0.17783 -0.02873
0.17783 -0.026102 0.17783 -0.026102
0.17783 -0.023714 0.17783 -0.023714
0.17783 -0.021544 0.17783 -0.021544
0.17783 -0.019573 0.17783 -0.019573
0.17783 -0.017783 0.17783 -0.017783
0.17783 -0.016156 0.17783 -0.016156
0.17783 -0.014678 0.17783 -0.014678
0.17783 -0.013335 0.17783 -0.013335
0.17783 -0.012115 0.17783 -0.012115
0.17783 -0.011007 0.17783 -0.011007
0.17783 -0.01 0.17783 -0.01
0.17783 0.01 0.17783 0.01
0.17783 0.011007 0.17783 0.011007
0.17783 0.012115 0.17783 0.012115
0.17783 0.013335 0.17783 0.013335
0.17783 0.014678 0.17783 0.014678
0.17783 0.016156 0.17783 0.016156
0.17783 0.017783 0.17783 0.017783
0.17783 0.019573 0.17783 0.019573
0.17783 0.021544 0.17783 0.021544
0.17783 0.023714 0.17783 0.023714
0.17783 0.026102 0.17783 0.026102
0.17783 0.02873 0.17783 0.02873
0.17783 0.031623 0.17783 0.031623
0.17783 0.034807 0.17783 0.034807
0.17783 0.038312 0.17783 0.038312
0.17783 0.04217 0.17783 0.04217
0.17783 0.046416 0.17783 0.046416
0.17783 0.05109 0.17783 0.05109
0.17783 0.056234 0.17783 0.056234
0.17783 0.061897 0.17783 0.061897
0.17783 0.068129 0.17783 0.068129
0.17783 0.074989 0.17783 0.074989
0.17783 0.08254 0.17783 0.08254
0.17783 0.090852 0.17783 0.090852
0.17783 0.1 0.17783 0.1
0.17783 0.11007 0.17783 0.11007
0.17783 0.12115 0.17783 0.12115
0.17783 0.13335 0.17783 0.13335
0.17783 0.14678 0.17783 0.14678
0.17783 0.16156 0.17783 0.16156
0.17783 0.17783 0.17783 0.17783
